775 775 784 377 781
778 775 791 524 783
779 775 797 583 785
775 775 802 625 787
777 776 807 651 789
0 0 0 0 0
775 775 775 775 0
775 775 775 775 0
775 775 775 775 0
775 775 775 775 0
0 0 0 0 0
1553 1550 1566 1550 783
1555 2325 2347 2325 785
3100 3100 3127 3100 787
2328 3876 3907 3878 789
812 812 817 433 816
817 813 812 822 572
818 784 812 812 827
608 820 708 812 812
828 664 821 726 812
812 832 700 822 727
0 0 0 0 0
1 812 812 812 0
812 812 812 812 0
812 812 815 812 0
812 812 815 812 0
0 0 0 0 0
814 1624 1634 1624 818
2436 2436 2451 2436 820
3248 3248 3267 3252 821
2438 4060 4083 4067 822
